nodes=[
  0.00000000  -1.00000000
  0.00000000  -0.90000000
  0.00000000  -0.80000000
  0.00000000  -0.70000000
  0.00000000  -0.60000000
  0.00000000  -0.50000000
  0.00000000  -0.40000000
  0.00000000  -0.30000000
  0.00000000  -0.20000000
  0.00000000  -0.10000000
  0.00000000   0.00000000
  0.00000000   0.10000000
  0.00000000   0.20000000
  0.00000000   0.30000000
  0.17669190  -0.99826494
  0.17472663  -0.89828425
  0.17276137  -0.79830357
  0.17079611  -0.69832288
  0.16883084  -0.59834219
  0.16686558  -0.49836151
  0.16490032  -0.39838082
  0.16293505  -0.29840013
  0.16096979  -0.19841945
  0.15900453  -0.09843876
  0.15703926   0.00154193
  0.15507400   0.10152261
  0.15310874   0.20150330
  0.15114347   0.30148399
  0.35317962  -0.99306042
  0.34924529  -0.89313785
  0.34531097  -0.79321527
  0.34137665  -0.69329270
  0.33744232  -0.59337012
  0.33350800  -0.49344755
  0.32957368  -0.39352497
  0.32563935  -0.29360239
  0.32170503  -0.19367982
  0.31777071  -0.09375724
  0.31383638   0.00616533
  0.30990206   0.10608791
  0.30596774   0.20601048
  0.30203341   0.30593306
  0.52925954  -0.98438839
  0.52334855  -0.88456324
  0.51743755  -0.78473810
  0.51152656  -0.68491295
  0.50561556  -0.58508780
  0.49970457  -0.48526265
  0.49379357  -0.38543751
  0.48788258  -0.28561236
  0.48197158  -0.18578721
  0.47606058  -0.08596206
  0.47014959   0.01386309
  0.46423859   0.11368823
  0.45832760   0.21351338
  0.45241660   0.31333853
  0.70472914  -0.97225199
  0.69683002  -0.87256446
  0.68893089  -0.77287693
  0.68103176  -0.67318940
  0.67313263  -0.57350187
  0.66523350  -0.47381433
  0.65733437  -0.37412680
  0.64943525  -0.27443927
  0.64153612  -0.17475174
  0.63363699  -0.07506421
  0.62573786   0.02462332
  0.61783873   0.12431085
  0.60993960   0.22399838
  0.60204048   0.32368591
  0.87938755  -0.95665538
  0.86948492  -0.85714690
  0.85958230  -0.75763842
  0.84967967  -0.65812993
  0.83977705  -0.55862145
  0.82987442  -0.45911297
  0.81997179  -0.35960449
  0.81006917  -0.26009601
  0.80016654  -0.16058752
  0.79026391  -0.06107904
  0.78036129   0.03842944
  0.77045866   0.13793792
  0.76055604   0.23744640
  0.75065341   0.33695489
  1.05303607  -0.93760355
  1.04111061  -0.83831718
  1.02918515  -0.73903080
  1.01725969  -0.63974443
  1.00533422  -0.54045806
  0.99340876  -0.44117169
  0.98148330  -0.34188532
  0.96955784  -0.24259895
  0.95763238  -0.14331258
  0.94570692  -0.04402621
  0.93378146   0.05526016
  0.92185599   0.15454653
  0.90993053   0.25383290
  0.89800507   0.35311927
  1.22547873  -0.91510196
  1.21150703  -0.81608281
  1.19753534  -0.71706366
  1.18356365  -0.61804451
  1.16959196  -0.51902536
  1.15562026  -0.42000622
  1.14164857  -0.32098707
  1.12767688  -0.22196792
  1.11370518  -0.12294877
  1.09973349  -0.02392962
  1.08576180   0.07508953
  1.07179011   0.17410868
  1.05781841   0.27312782
  1.04384672   0.37214697
  1.39652277  -0.88915622
  1.38047729  -0.79045190
  1.36443181  -0.69174758
  1.34838633  -0.59304327
  1.33234085  -0.49433895
  1.31629537  -0.39563463
  1.30024989  -0.29693031
  1.28420441  -0.19822599
  1.26815894  -0.09952167
  1.25211346  -0.00081735
  1.23606798   0.09788697
  1.22002250   0.19659129
  1.20397702   0.29529561
  1.18793154   0.39399992
  1.56597917  -0.85977160
  1.54782808  -0.76143270
  1.52967698  -0.66309381
  1.51152589  -0.56475492
  1.49337479  -0.46641603
  1.47522370  -0.36807713
  1.45707261  -0.26973824
  1.43892151  -0.17139935
  1.42077042  -0.07306046
  1.40261932   0.02527844
  1.38446823   0.12361733
  1.36631713   0.22195622
  1.34816604   0.32029511
  1.33001495   0.41863401
  1.73366309  -0.82695244
  1.71337016  -0.72903311
  1.69307722  -0.63111377
  1.67278428  -0.53319443
  1.65249135  -0.43527509
  1.63219841  -0.33735575
  1.61190547  -0.23943642
  1.59161254  -0.14151708
  1.57131960  -0.04359774
  1.55102667   0.05432160
  1.53073373   0.15224093
  1.51044079   0.25016027
  1.49014786   0.34807961
  1.46985492   0.44599895
  1.89939431  -0.79070157
  1.87691878  -0.69326005
  1.85444324  -0.59581853
  1.83196770  -0.49837700
  1.80949217  -0.40093548
  1.78701663  -0.30349396
  1.76454110  -0.20605244
  1.74206556  -0.10861091
  1.71959002  -0.01116939
  1.69711449   0.08627213
  1.67463895   0.18371365
  1.65216341   0.28115517
  1.62968788   0.37859670
  1.60721234   0.47603822
  2.06299761  -0.75101945
  2.03829405  -0.65411881
  2.01359049  -0.55721817
  1.98888693  -0.46031753
  1.96418337  -0.36341689
  1.93947981  -0.26651625
  1.91477624  -0.16961561
  1.89007268  -0.07271497
  1.86536912   0.02418567
  1.84066556   0.12108631
  1.81596200   0.21798695
  1.79125844   0.31488759
  1.76655488   0.41178823
  1.74185132   0.50868887
  2.22430307  -0.70790333
  2.19732126  -0.61161219
  2.17033945  -0.51532106
  2.14335764  -0.41902993
  2.11637583  -0.32273880
  2.08939402  -0.22644767
  2.06241221  -0.13015654
  2.03543040  -0.03386541
  2.00844859   0.06242572
  1.98146678   0.15871685
  1.95448497   0.25500799
  1.92750316   0.35129912
  1.90052135   0.44759025
  1.87353954   0.54388138
  2.38314628  -0.66134617
  2.35383108  -0.56573959
  2.32451588  -0.47013300
  2.29520068  -0.37452642
  2.26588547  -0.27891983
  2.23657027  -0.18331325
  2.20725507  -0.08770666
  2.17793987   0.00789992
  2.14862466   0.10350650
  2.11930946   0.19911309
  2.08999426   0.29471967
  2.06067906   0.39032626
  2.03136385   0.48593284
  2.00204865   0.58153942
  2.53936848  -0.61133549
  2.50765973  -0.51649587
  2.47595097  -0.42165624
  2.44424222  -0.32681661
  2.41253346  -0.23197699
  2.38082471  -0.13713736
  2.34911595  -0.04229773
  2.31740720   0.05254189
  2.28569844   0.14738152
  2.25398969   0.24222115
  2.22228093   0.33706078
  2.19057218   0.43190040
  2.15886342   0.52674003
  2.12715467   0.62157966
  2.69281644  -0.55785200
  2.65864890  -0.46387020
  2.62448136  -0.36988840
  2.59031381  -0.27590660
  2.55614627  -0.18192480
  2.52197873  -0.08794300
  2.48781118   0.00603881
  2.45364364   0.10002061
  2.41947610   0.19400241
  2.38530855   0.28798421
  2.35114101   0.38196601
  2.31697347   0.47594781
  2.28280592   0.56992961
  2.24863838   0.66391142
  2.84334222  -0.50086805
  2.80664558  -0.40784463
  2.76994893  -0.31482121
  2.73325229  -0.22179779
  2.69655565  -0.12877437
  2.65985901  -0.03575096
  2.62316237   0.05727246
  2.58646572   0.15029588
  2.54976908   0.24331930
  2.51307244   0.33634272
  2.47637580   0.42936614
  2.43967916   0.52238956
  2.40298251   0.61541298
  2.36628587   0.70843639
  2.99080258  -0.44034596
  2.95150154  -0.34839256
  2.91220050  -0.25643916
  2.87289946  -0.16448575
  2.83359842  -0.07253235
  2.79429739   0.01942105
  2.75499635   0.11137446
  2.71569531   0.20332786
  2.67639427   0.29528126
  2.63709323   0.38723467
  2.59779219   0.47918807
  2.55849115   0.57114147
  2.51919012   0.66309488
  2.47988908   0.75504828
  3.13505810  -0.37623616
  3.09307259  -0.28547705
  3.05108707  -0.19471793
  3.00910156  -0.10395882
  2.96711605  -0.01319970
  2.92513054   0.07755941
  2.88314503   0.16831852
  2.84115952   0.25907764
  2.79917401   0.34983675
  2.75718849   0.44059587
  2.71520298   0.53135498
  2.67321747   0.62211410
  2.63123196   0.71287321
  2.58924645   0.80363232
  3.27597178  -0.30847515
  3.23121731  -0.21904899
  3.18646285  -0.12962283
  3.14170838  -0.04019667
  3.09695392   0.04922949
  3.05219945   0.13865564
  3.00744499   0.22808180
  2.96269052   0.31750796
  2.91793605   0.40693412
  2.87318159   0.49636028
  2.82842712   0.58578644
  2.78367266   0.67521260
  2.73891819   0.76463875
  2.69416373   0.85406491
  3.41340706  -0.23698342
  3.36579536  -0.14904523
  3.31818366  -0.06110703
  3.27057196   0.02683116
  3.22296025   0.11476935
  3.17534855   0.20270754
  3.12773685   0.29064574
  3.08012515   0.37858393
  3.03251344   0.46652212
  2.98490174   0.55446032
  2.93729004   0.64239851
  2.88967834   0.73033670
  2.84206663   0.81827489
